1673853553 2721
1680679819 11140
1680683019 11212
1680690795 11231
1680699239 11417
1680704930 11436
1681461959 12666
1681983001 14581
1681985478 16161
1682682080 27117
1683540656 27586
1683542299 27587
1683544522 30815
1683544842 31568
1683546452 31455
1683546482 31455
1683585677 31479
1683628670 31720
1683701927 31724
1683702168 28230
1683709769 28220
1683718485 35497
1684225297 35508
1687248424 53873
1687265068 53658
1687265136 53802
1687265387 53802
1687346660 53893
1687354346 53917
1687369354 54151
1687390175 54151
1687392309 54159
1687421983 54181
1687427419 54216
1687428429 54228
1687428721 54257
1687431300 54258
1687448093 54269
1687514187 54319
1687514572 54330
1687524503 53842
1687772886 53900
1687853692 54291
1687868202 54362
1687944214 54362
1687944282 54362
1687945076 54383
1687957883 55150
1687959233 55076
1688116924 55636
1688462224 55645
1688462232 49075
1688464076 49090
1688468024 49128
1688481562 49401
1688484030 49404
1688493724 49402
1688545122 49486
1688546568 49847
1688559455 49852
1688636465 50188
1688637762 50195
1688719832 50275
1688719840 57546
1688722862 57554
1689152048 57602
1689152179 58905
1689180697 60135
1689197493 60140
1689246861 60187
1689246878 60593
1689262751 60593
1689585184 60619
1689585195 60647
1689702888 61785
1689766331 68099
1689787822 68486
1689847301 68794
1689855312 76478
1689856051 75613
1689857944 75613
1689859041 75581
1689877656 75689
1689878189 75690
1690284586 77249
1690404417 77427
1690452595 79734
1690795663 80706
1690889003 83616
1690900214 83606
1690908014 78326
1690911246 83591
1690979001 84700
1691056857 85509
1691057075 85509
1691060298 85510
1691065230 85542
1691081130 87505
1691399797 87949
1691404565 87946
1691482333 88037
1691489333 90677
1691494631 90677
1691566440 91682
1691572803 91822
1691576537 91826
1691580756 92041
1691586019 92092
1691661997 92746
1691674966 92801
1691730173 92835
1691994593 92854
1692007690 92871
1692015328 92882
1692093531 93043
1692106499 93109
1692108536 93110
1692109038 93110
1692171968 93115
1692177064 93613
1692178652 93613
1692179592 93752
1692181409 93752
1692195370 93754
1692259730 93716
1692263954 93699
1692360207 93702
1692368269 93703
1692372439 93770
1692586340 94512
1692781396 98081
1692783202 98086
1692784823 98086
1692785007 98275
1692802129 98293
1692876116 98323
1692881901 98391
1693206433 98692
1693216147 99428
1693226528 99417
1693303520 99541
1693330577 99569
1693396535 101813
1693475500 101994
1693476148 102001
1693490324 98807
1693822491 99058
1693825932 99046
1693827496 99054
1693895431 99264
1693904396 99594
1693907991 99935
1693929669 100014
1693994932 100068
1694024182 100111
1694062581 100252
1694074218 100244
1694075909 100626
1694078753 100819
1694096800 100861
1694425993 101575
1694512112 102127
1694598663 102201
1694680510 102661
1694686185 102673
1694701874 102673
1694707723 102818
1694771337 102730
1694773266 102755
1694782567 102906
1694800832 102905
1695031874 102834
1695045796 102950
1695060527 102966
1695112751 102986
1695134414 103121
1695139387 103187
1695140929 103285
1695204375 103285
1695206742 103186
1695207028 103183
1695212133 103184
1695218926 103237
1695219943 103247
1695222203 103266
1695287019 103274
1695291485 103266
1695292282 103266
1695300099 103302
1695303011 103309
1695639370 103391
1695645678 103494
1695647194 103492
1695651488 103494
1695654072 103861
1695713348 104089
1695735839 104244
1695738083 104212
1695742472 104213
1695743385 104213
1695820172 104386
1695826909 104691
1695889491 104712
1695990475 105378
1695994806 105488
1696008146 105509
1696019576 105509
1696246707 105510
1696247753 105548
1696267392 106585
1696269365 106595
1696271658 98886
1696342479 99499
1696414089 99568
1696500594 99582
1696505865 99857
1696519240 99896
1696580196 100080
1696586410 100317
1696596030 100325
1696605570 100361
1696606891 100324
1696610239 100325
1696842844 100383
1696846522 100383
1696868980 100414
1696925596 100651
1696925953 101055
1696926616 101047
1696937286 100691
1696942178 100705
1696955105 100708
1696955815 100691
1697012249 100699
1697022592 100698
1697029769 100737
1697031781 100739
1697116308 100734
1697191800 102484
1697221792 102737
1697223146 102790
1697448025 102958
1697529536 103064
1697530448 167995
1697612191 168028
1697613829 168242
1697622919 168887
1698060078 170093
1698262207 171452
1698331776 171562
1698340644 206658
1698343374 207920
1698350376 208237
1698404609 208626
1698411639 208701
1698418276 209645
1698433471 209773
1698434214 210981
1698445973 211000
1698654182 211024
1698667186 211964
1698667813 211964
1698771873 213579
1698777840 214526
1698779030 214522
1698831525 214649
1698832173 217256
1698839249 302304
1698840714 302319
1698841153 302321
1698911454 302699
1698923829 269398
1698927085 269398
1698931109 269438
1698931525 269310
1698999487 269784
1699035179 304364
1699036176 305202
1699254796 305569
1699260299 301373
1699345029 301445
1699358337 301774
1699425149 301936
1699432345 301964
1699441549 302238
1699460013 302329
1699462082 268519
1699468521 272902
1699516523 273304
1699521052 276926
1699603974 275430
1699604850 275585
1699613915 275736
1699623109 276544
1699624059 276550
1699949744 277280
1699976657 277372
1700041627 278489
1700063132 278515
1700143604 278633
1700144062 280689
1700147764 280729
1700161697 280772
1700210051 280838
1700235659 280896
1700240649 281099
1700483544 281161
1700490592 281180
1700510131 281476
1700520677 281497
1700553719 281517
1700555470 281471
1700575379 281524
1700575692 281579
1700578191 281915
1700583274 281927
1700592761 281934
1700593584 283554
1700594606 283554
1700636496 283560
1700641388 283682
1700668119 283716
1700672952 283992
1700682003 284111
1700728588 284142
1700731840 284151
1700734486 284151
1700740712 284286
1700744127 285291
1700745235 285291
1700745870 285076
1700769304 304131
1700835984 304070
1700838251 304106
1700854251 304194
1700857520 304193
1701077492 304181
1701195558 304293
1701204523 306805
1701276828 308280
1701280046 308298
1701290805 309936
1701450696 311031
1701457610 310535
1701461591 310671
1701505640 310671
1701506268 310671
1701513680 310672
1701515228 310673
1701540797 310691
1701541292 310693
1701770611 311147
1701776936 311125
1701806615 311305
1701834259 311442
1701850738 311509
1701852030 311519
1701852062 312266
1701859382 312412
1701891919 312528
1701899250 312541
1701938601 313064
1701943219 313252
1701943422 313321
1701947378 313320
1701981216 313884
1701982626 313906
1701986090 313904
1702020004 316102
1702020551 316101
1702023228 315055
1702036038 315093
1702283141 315051
1702283923 315050
1702291424 441070
1702294122 441257
1702325227 441916
1702405726 442265
1702411908 442747
1702413756 442745
1702415229 442739
1702492232 442858
1702497995 443126
1702566013 443717
1702566837 510748
1702628562 510812
1702642846 511765
1702650392 512642
1702669134 512649
1702669349 513344
1702670503 513344
1702900480 513440
1703060179 513446
1703064318 513442
1703079359 513296
1703080265 513693
1703082184 513727
1703147190 514444
1703187889 514679
1703240816 515123
1703243214 517018
1703244527 517016
1703246295 517015
1703276655 516875
1703592401 517321
1703669739 450891
1703671086 450961
1703701272 451022
1703707644 451145
1703752564 451287
1703766164 451548
1703845220 451684
1703881927 452058
1703882452 451996
1703957306 454432
1704131534 454418
1704157329 454417
1704186300 454413
1704202421 454415
1704222731 454584
1704270478 454846
1704279108 455644
1704288152 455689
1704288191 455695
1704373722 455317
1704383040 455852
1704444005 455921
1704454166 455832
1704455964 455887
1704469205 455886
1704701499 455876
1704711821 455890
1704717427 455891
1704816773 456687
1704826265 456487
1704880392 456543
1704961760 456604
1704963282 456603
1704988274 458037
1704993539 458152
1704998411 458702
1705151152 458723
1705317498 458776
1705332635 458770
1705341889 458726
1705342783 458705
1705343542 645613
1705393647 586341
1705395411 586397
1705425776 586397
1705501735 586947
1705505243 586971
1705505355 587048
1705507839 587087
1705520209 527951
1705593581 588407
1705596021 588556
1705603948 588555
1705604050 588565
1705609567 588510
1705651837 588532
1705657546 588523
1705694311 588787
1705924228 463345
1705925283 463255
1706023110 463362
1706035613 463498
1706091485 464269
1706108433 464287
1706123367 460933
1706174419 460179
1706256423 461721
1706256866 462045
1706263240 486348
1706282244 485043
1706295208 485170
1706521711 485174
1706541635 485701
1706554376 485717
1706554638 485717
1706608259 486002
1706609647 486015
1706708531 486520
1706716876 486858
1706732745 486790
1706806089 487584
1706807351 488174
1706865556 488198
1706899175 487878
1707156981 487883
1707157159 491024
1707213035 490955
1707246210 491185
1707315592 491589
1707323985 492298
1707330082 492347
1707392655 496991
1707472306 497107
1707473245 497704
1707475849 497709
1707750139 499447
1707813812 475277
1707817678 527575
1707826857 528381
1707831188 528379
1707855164 528423
1707858412 528401
1708018440 553436
1708022518 553476
1708025795 554916
1708027174 554917
1708336963 554918
1708347426 555039
1708451679 555259
1708468732 556206
1708506205 556251
1708506843 556270
1708546980 556299
1708598265 560100
1708624950 560967
1708685705 561608
1708718075 562063
1708938177 562486
1708939750 562644
1709124627 562699
1709130085 538033
1709135804 538418
1709150469 538395
1709325481 540679
1709334920 540687
1709541488 541683
1709554634 548105
1709572583 548577
1709648683 548562
1709652699 548562
1709665338 549636
1709720638 549677
1709721927 549675
1709724793 549676
1709726524 549680
1709807720 549865
1709811496 549586
1709828022 549675
1709829848 549676
1709831288 549685
1709882519 550844
1709926802 558985
1709927208 558983
1710144313 559040
1710153197 559054
1710167865 559512
1710172888 559514
1710272021 561964
1710359156 563254
1710427378 564297
1710435193 564299
1710535875 564937
1710805513 566007
1710923521 566168
1710966287 569592
1710966904 569597
1711053514 570999
1711138382 571918
1711353522 572433
1711439982 572671
1711443878 572671
1711483163 575159
1711528775 575108
1712100400 606986
1712565947 607067
1713212318 613371
1713302586 613611
1713995313 606151
1714078895 608526
1714125327 608865
1714463742 608991
1714480973 591548
1714508354 592575
1714646303 592360
1714981576 609781
1714987165 611256
1714992249 611607
1714996104 611611
1715004882 607123
1715020608 607122
1715022087 607121
1715128383 608575
1715159389 607926
1715201393 608163
1715282847 609083
1715290390 609085
1715379905 609320
1715675920 610195
1715810595 611860
1715878072 611871
1715900826 612545
1716150699 612610
1716313564 613274
1716446096 617053
1716449766 617551
1716456064 617601
1716480824 617679
1716488820 617685
1716494737 618819
1716846172 625185
1716847118 625186
1716883102 625179
1716930976 626609
1716933825 626960
1716935622 626961
1716980905 626957
1717057624 626996
1717190324 628373
1717193681 628375
1717408799 646121
1717494567 646201
1717495296 646201
1717502716 646205
1717520664 647613
1717578022 647750
1717621790 648031
1717663921 648056
1717763541 648064
1717799041 648993
1718008611 649326
1718056665 649653
1718123105 649641
1718151596 649271
1718262114 649237
1718265667 649247
1718395871 649426
1718791153 649918
1718962382 650140
1718967280 650151
1718998548 650150
1719222791 650533
1719417509 652458
1719523914 652708
1719526990 655131
1719628093 655620
1719821762 655736
1719908093 655784
1719991572 655784
1720012486 656802
1720014370 656804
1720015616 656918
1720018743 657114
1720121572 657433
1720165512 657477
1720213560 658518
1720215128 658435
1720430625 658424
1720466362 658437
1720685074 658433
1720841274 658398
1721032826 661548
1721040739 661540
1721201652 661562
1721205979 673503
1721218194 673509
1721226562 673534
1721247925 673532
1721309787 673806
1721320698 673870
1721375247 673870
1721416995 673870
1721420355 673849
1721680278 673913
1721850519 676276
1721852001 676276
1721861507 676346
1721868190 676350
1721894830 676344
1721895930 676344
1721925224 676371
1721939520 676372
1722240123 676380
1722241134 676388
1722331106 676449
1722434155 676423
1722447257 676471
1722501280 676537
1722501336 676580
1722596907 680235
1722596953 680235
1722611011 680251
1722611065 680251
1722634405 680491
1722634493 680491
1723051095 680485
1723051313 680483
1723056606 680502
1723056642 680679
1723056679 680712
1723056715 680709
1723056761 680475
1723056808 680454
1723056893 680298
1723056918 680320
1723056953 680072
1723056986 680072
1723057017 680074
1723057062 680065
1723057096 680364
1723057123 680395
1723057166 680402
1723057193 680418
1723057218 680463
1723057260 680460
1723057299 680459
1723057334 679803
1723057596 679715
